seed = 547df463
NNETWORK TEST -2: GET/SET DEEP ICA PARAMETERS
Parameter layers: 2
Deep ICA network init PASSED.
NNETWORK TEST -1: GET/SET PARAMETER TESTS
First layer W*x + b.
W = [ 0.000971496 -0.348434 -0.276982 -0.0483084;  -0.406315 0.44047 -0.38436 -0.29301;  0.176715 -0.468701 0.179248 0.149872;  0.149307 0.287416 -0.173086 0.359362; ]
b = [ -0.473661 -0.401097 -0.000917882 0.367412 ]
whole nn vector = [ 0.000971496 -0.348434 -0.276982 -0.0483084 -0.406315 0.44047 -0.38436 -0.29301 0.176715 -0.468701 0.179248 0.149872 0.149307 0.287416 -0.173086 0.359362 -0.473661 -0.401097 -0.000917882 0.367412 0.390401 0.466727 0.0434709 -0.0970324 0.0121743 -0.286198 -0.0268586 -0.25956 0.348833 -0.243805 0.376701 -0.150195 -0.0922391 -0.400281 0.301496 0.00144631 -0.459811 0.417137 0.208437 0.216904 0.448436 -0.112316 -0.133225 0.0977423 -0.3249 0.193689 -0.0428957 -0.29856 0.292592 0.456186 -0.431148 0.182993 0.422913 0.112323 -0.414039 -0.0649125 0.326124 0.0591024 0.175527 0.174958 0.315297 0.0522285 -0.475238 -0.276942 0.151947 ]
NNETWORK TEST 0: SAVE() AND LOAD() TEST
p1 = [ -0.432124 -0.0259676 0.424338 0.157997 0.464347 0.379094 -0.201496 -0.0730118 -0.443753 0.277259 -0.363259 0.479853 -0.187852 0.282315 -0.13552 0.108079 -0.371316 0.117627 0.0466951 0.15326 -0.371912 0.417822 0.34774 -0.339099 0.468478 -0.0248086 -0.145412 -0.261059 0.0290542 -0.482121 0.447978 0.0969298 -0.00808892 0.372315 -0.245073 -0.0437422 0.251409 0.0534308 0.383246 0.307656 -0.16931 -0.480013 0.287509 0.142838 0.302302 -0.348011 -0.249083 0.430986 0.269615 0.297612 0.0842456 0.397704 0.215434 -0.0680142 -0.441396 0.183912 0.407177 -0.0868083 0.422853 -0.0637686 -0.0689296 0.370831 -0.466839 0.422982 0.243146 -0.211912 -0.120761 -0.00544536 0.341519 -0.237515 -0.197789 -0.327791 -0.217528 -0.410281 0.315047 -0.415226 -0.258292 -0.434036 -0.48424 -0.488677 0.363576 0.100006 0.409027 0.0790102 -0.468008 0.467631 -0.237077 0.439169 -0.119177 -0.314224 -0.1246 0.311893 -0.443393 -0.0914383 0.234875 0.299753 0.19665 -0.385886 -0.205693 0.0381683 -0.123401 0.0965177 0.210377 0.159071 0.186237 0.0254243 0.243846 0.427945 0.0913882 0.259606 0.439268 -0.0450359 -0.140388 0.348295 -0.466026 -0.108396 0.315926 -0.203103 -0.169227 -0.303251 -0.0173271 0.206174 -0.491358 0.0392796 -0.385265 0.243516 -0.160968 0.311385 0.35763 0.133339 -0.150447 -0.265771 -0.270143 -0.44007 0.3933 0.416094 0.0853547 0.137146 0.344039 -0.323257 -0.103248 0.283307 0.131707 0.256364 0.131602 0.165681 -0.352032 -0.0524725 0.462578 -0.0212589 0.144276 -0.0547488 -0.315085 0.152918 0.484531 -0.20035 -0.103566 -0.176437 -0.388965 -0.245936 0.456902 -0.0394122 -0.0117071 -0.313241 0.0205182 -0.118407 -0.397147 -0.394127 -0.481261 0.446892 -0.217384 -0.0845089 0.230199 0.414323 -0.328145 -0.1382 0.0800039 -0.180177 0.309328 0.0425822 0.298564 -0.0463964 0.487833 0.483479 -0.393479 0.472364 -0.216871 0.00295502 -0.204073 -0.105836 0.257019 -0.247171 0.354752 -0.254688 -0.0604118 -0.12473 0.126905 0.0424412 -0.0188574 0.145644 -0.0106671 ]
p2 = [ -0.432124 -0.0259676 0.424338 0.157997 0.464347 0.379094 -0.201496 -0.0730118 -0.443753 0.277259 -0.363259 0.479853 -0.187852 0.282315 -0.13552 0.108079 -0.371316 0.117627 0.0466951 0.15326 -0.371912 0.417822 0.34774 -0.339099 0.468478 -0.0248086 -0.145412 -0.261059 0.0290542 -0.482121 0.447978 0.0969298 -0.00808892 0.372315 -0.245073 -0.0437422 0.251409 0.0534308 0.383246 0.307656 -0.16931 -0.480013 0.287509 0.142838 0.302302 -0.348011 -0.249083 0.430986 0.269615 0.297612 0.0842456 0.397704 0.215434 -0.0680142 -0.441396 0.183912 0.407177 -0.0868083 0.422853 -0.0637686 -0.0689296 0.370831 -0.466839 0.422982 0.243146 -0.211912 -0.120761 -0.00544536 0.341519 -0.237515 -0.197789 -0.327791 -0.217528 -0.410281 0.315047 -0.415226 -0.258292 -0.434036 -0.48424 -0.488677 0.363576 0.100006 0.409027 0.0790102 -0.468008 0.467631 -0.237077 0.439169 -0.119177 -0.314224 -0.1246 0.311893 -0.443393 -0.0914383 0.234875 0.299753 0.19665 -0.385886 -0.205693 0.0381683 -0.123401 0.0965177 0.210377 0.159071 0.186237 0.0254243 0.243846 0.427945 0.0913882 0.259606 0.439268 -0.0450359 -0.140388 0.348295 -0.466026 -0.108396 0.315926 -0.203103 -0.169227 -0.303251 -0.0173271 0.206174 -0.491358 0.0392796 -0.385265 0.243516 -0.160968 0.311385 0.35763 0.133339 -0.150447 -0.265771 -0.270143 -0.44007 0.3933 0.416094 0.0853547 0.137146 0.344039 -0.323257 -0.103248 0.283307 0.131707 0.256364 0.131602 0.165681 -0.352032 -0.0524725 0.462578 -0.0212589 0.144276 -0.0547488 -0.315085 0.152918 0.484531 -0.20035 -0.103566 -0.176437 -0.388965 -0.245936 0.456902 -0.0394122 -0.0117071 -0.313241 0.0205182 -0.118407 -0.397147 -0.394127 -0.481261 0.446892 -0.217384 -0.0845089 0.230199 0.414323 -0.328145 -0.1382 0.0800039 -0.180177 0.309328 0.0425822 0.298564 -0.0463964 0.487833 0.483479 -0.393479 0.472364 -0.216871 0.00295502 -0.204073 -0.105836 0.257019 -0.247171 0.354752 -0.254688 -0.0604118 -0.12473 0.126905 0.0424412 -0.0188574 0.145644 -0.0106671 ]
e  = [ 0 0 0 0 0 0 0 0 0 0 0 0 0 0 0 0 0 0 0 0 0 0 0 0 0 0 0 0 0 0 0 0 0 0 0 0 0 0 0 0 0 0 0 0 0 0 0 0 0 0 0 0 0 0 0 0 0 0 0 0 0 0 0 0 0 0 0 0 0 0 0 0 0 0 0 0 0 0 0 0 0 0 0 0 0 0 0 0 0 0 0 0 0 0 0 0 0 0 0 0 0 0 0 0 0 0 0 0 0 0 0 0 0 0 0 0 0 0 0 0 0 0 0 0 0 0 0 0 0 0 0 0 0 0 0 0 0 0 0 0 0 0 0 0 0 0 0 0 0 0 0 0 0 0 0 0 0 0 0 0 0 0 0 0 0 0 0 0 0 0 0 0 0 0 0 0 0 0 0 0 0 0 0 0 0 0 0 0 0 0 0 0 0 0 0 0 0 0 0 0 0 ]
NNETWORK TEST 2: SIMPLE PROBLEM + DIRECT GRADIENT DESCENT
0 : 1.1605
1 : 0.0171962
2 : 0.00564134
3 : 0.00541657
4 : 0.00521065
5 : 0.00502041
6 : 0.00484409
7 : 0.00468017
8 : 0.00452737
9 : 0.00438456
10 : 0.00425078
11 : 0.00412518
12 : 0.00400702
13 : 0.00389565
14 : 0.00379048
15 : 0.00369101
16 : 0.00359677
17 : 0.00350737
18 : 0.00342242
19 : 0.00334162
20 : 0.00326465
21 : 0.00319125
22 : 0.00312117
23 : 0.0030542
24 : 0.00299012
25 : 0.00292875
26 : 0.00286993
27 : 0.0028135
28 : 0.00275931
29 : 0.00270723
30 : 0.00265715
31 : 0.00260895
32 : 0.00256252
33 : 0.00251777
34 : 0.00247462
35 : 0.00243297
36 : 0.00239275
37 : 0.00235389
38 : 0.00231631
39 : 0.00227997
40 : 0.00224479
41 : 0.00221073
42 : 0.00217772
43 : 0.00214573
44 : 0.00211471
45 : 0.00208461
46 : 0.00205539
47 : 0.00202702
48 : 0.00199945
49 : 0.00197266
50 : 0.00194662
51 : 0.00192129
52 : 0.00189664
53 : 0.00187265
54 : 0.00184928
55 : 0.00182652
56 : 0.00180435
57 : 0.00178274
58 : 0.00176167
59 : 0.00174112
60 : 0.00172107
61 : 0.0017015
62 : 0.0016824
63 : 0.00166375
64 : 0.00164553
65 : 0.00162773
66 : 0.00161034
67 : 0.00159333
68 : 0.00157671
69 : 0.00156045
70 : 0.00154454
71 : 0.00152898
72 : 0.00151374
73 : 0.00149883
74 : 0.00148423
75 : 0.00146993
76 : 0.00145592
77 : 0.0014422
78 : 0.00142875
79 : 0.00141556
80 : 0.00140264
81 : 0.00138997
82 : 0.00137754
83 : 0.00136535
84 : 0.00135338
85 : 0.00134164
86 : 0.00133012
87 : 0.00131881
88 : 0.00130771
89 : 0.0012968
90 : 0.00128609
91 : 0.00127557
92 : 0.00126523
93 : 0.00125507
94 : 0.00124509
95 : 0.00123528
96 : 0.00122564
97 : 0.00121615
98 : 0.00120683
99 : 0.00119766
100 : 0.00118864
101 : 0.00117976
102 : 0.00117103
103 : 0.00116243
104 : 0.00115398
105 : 0.00114566
106 : 0.00113746
107 : 0.00112939
108 : 0.00112145
109 : 0.00111363
110 : 0.00110592
111 : 0.00109833
112 : 0.00109086
113 : 0.00108349
114 : 0.00107623
115 : 0.00106908
116 : 0.00106203
117 : 0.00105508
118 : 0.00104823
119 : 0.00104148
120 : 0.00103482
121 : 0.00102826
122 : 0.00102178
123 : 0.0010154
124 : 0.0010091
125 : 0.00100288
126 : 0.000996753
127 : 0.000996753
NNETWORK TEST 3: SIMPLE PROBLEM + SUM OF DIRECT GRADIENT DESCENT
0 : 1.61445
1 : 1.57764
2 : 1.54177
3 : 1.50681
4 : 1.47272
5 : 1.43947
6 : 1.40705
7 : 1.37542
8 : 1.34456
9 : 1.31444
10 : 1.28504
11 : 1.25634
12 : 1.22832
13 : 1.20096
14 : 1.17424
15 : 1.14813
16 : 1.12263
17 : 1.09772
18 : 1.07338
19 : 1.04959
20 : 1.02634
21 : 1.00361
22 : 0.981394
23 : 0.959676
24 : 0.938439
25 : 0.917675
26 : 0.897371
27 : 0.877514
28 : 0.858093
29 : 0.839098
30 : 0.820519
31 : 0.802343
32 : 0.784564
33 : 0.767171
34 : 0.750153
35 : 0.733503
36 : 0.717214
37 : 0.701274
38 : 0.685677
39 : 0.670416
40 : 0.655481
41 : 0.640866
42 : 0.626564
43 : 0.612567
44 : 0.59887
45 : 0.585466
46 : 0.572347
47 : 0.559509
48 : 0.546943
49 : 0.534646
50 : 0.522611
51 : 0.510833
52 : 0.499305
53 : 0.488024
54 : 0.476983
55 : 0.466178
56 : 0.455603
57 : 0.445254
58 : 0.435127
59 : 0.425216
60 : 0.415517
61 : 0.406026
62 : 0.396738
63 : 0.387649
64 : 0.378756
65 : 0.370053
66 : 0.361539
67 : 0.353208
68 : 0.345057
69 : 0.337081
70 : 0.329278
71 : 0.321644
72 : 0.314176
73 : 0.30687
74 : 0.299723
75 : 0.292731
76 : 0.285893
77 : 0.279203
78 : 0.27266
79 : 0.266261
80 : 0.260001
81 : 0.25388
82 : 0.247894
83 : 0.24204
84 : 0.236315
85 : 0.230717
86 : 0.225243
87 : 0.219891
88 : 0.214659
89 : 0.209543
90 : 0.204541
91 : 0.199651
92 : 0.194871
93 : 0.190199
94 : 0.185632
95 : 0.181168
96 : 0.176804
97 : 0.17254
98 : 0.168372
99 : 0.1643
100 : 0.160319
101 : 0.15643
102 : 0.15263
103 : 0.148917
104 : 0.145289
105 : 0.141745
106 : 0.138282
107 : 0.134899
108 : 0.131595
109 : 0.128367
110 : 0.125214
111 : 0.122135
112 : 0.119127
113 : 0.116189
114 : 0.11332
115 : 0.110519
116 : 0.107783
117 : 0.105112
118 : 0.102504
119 : 0.0999567
120 : 0.0974701
121 : 0.0950427
122 : 0.0926728
123 : 0.0903592
124 : 0.0881007
125 : 0.0858964
126 : 0.0837445
127 : 0.0816444
128 : 0.0795945
129 : 0.0775942
130 : 0.0756418
131 : 0.0737365
132 : 0.0718774
133 : 0.0700632
134 : 0.0682929
135 : 0.0665657
136 : 0.0648806
137 : 0.0632364
138 : 0.0616324
139 : 0.0600676
140 : 0.0585412
141 : 0.0570521
142 : 0.0555997
143 : 0.054183
144 : 0.0528011
145 : 0.0514534
146 : 0.050139
147 : 0.048857
148 : 0.0476069
149 : 0.0463878
150 : 0.045199
151 : 0.0440398
152 : 0.0429095
153 : 0.0418074
154 : 0.0407329
155 : 0.0396853
156 : 0.0386639
157 : 0.0376682
158 : 0.0366974
159 : 0.0357512
160 : 0.0348288
161 : 0.0339296
162 : 0.0330532
163 : 0.0321989
164 : 0.0313663
165 : 0.0305548
166 : 0.0297639
167 : 0.0289931
168 : 0.028242
169 : 0.0275099
170 : 0.0267966
171 : 0.0261014
172 : 0.0254241
173 : 0.0247641
174 : 0.024121
175 : 0.0234945
176 : 0.022884
177 : 0.0222892
178 : 0.0217097
179 : 0.0211452
180 : 0.0205952
181 : 0.0200595
182 : 0.0195375
183 : 0.0190291
184 : 0.0185339
185 : 0.0180515
186 : 0.0175816
187 : 0.0171239
188 : 0.0166782
189 : 0.016244
190 : 0.0158212
191 : 0.0154093
192 : 0.0150083
193 : 0.0146177
194 : 0.0142373
195 : 0.0138669
196 : 0.0135061
197 : 0.0131548
198 : 0.0128128
199 : 0.0124797
200 : 0.0121554
201 : 0.0118396
202 : 0.0115321
203 : 0.0112328
204 : 0.0109413
205 : 0.0106575
206 : 0.0103812
207 : 0.0101122
208 : 0.00985032
209 : 0.00959537
210 : 0.00934717
211 : 0.00910554
212 : 0.00887032
213 : 0.00864135
214 : 0.00841845
215 : 0.00820148
216 : 0.00799028
217 : 0.00778469
218 : 0.00758457
219 : 0.0073898
220 : 0.00720022
221 : 0.00701569
222 : 0.00683608
223 : 0.00666128
224 : 0.00649114
225 : 0.00632555
226 : 0.0061644
227 : 0.00600756
228 : 0.00585491
229 : 0.00570636
230 : 0.0055618
231 : 0.00542111
232 : 0.00528419
233 : 0.00515096
234 : 0.0050213
235 : 0.00489513
236 : 0.00477236
237 : 0.00465288
238 : 0.00453663
239 : 0.00442351
240 : 0.00431342
241 : 0.00420632
242 : 0.00410211
243 : 0.0040007
244 : 0.00390203
245 : 0.00380603
246 : 0.00371262
247 : 0.00362174
248 : 0.00353331
249 : 0.00344728
250 : 0.00336357
251 : 0.00328214
252 : 0.0032029
253 : 0.00312582
254 : 0.00305083
255 : 0.00297786
256 : 0.00290688
257 : 0.00283782
258 : 0.00277064
259 : 0.00270528
260 : 0.0026417
261 : 0.00257985
262 : 0.00251968
263 : 0.00246114
264 : 0.0024042
265 : 0.0023488
266 : 0.00229491
267 : 0.0022425
268 : 0.00219151
269 : 0.00214191
270 : 0.00209366
271 : 0.00204672
272 : 0.00200107
273 : 0.00195666
274 : 0.00191346
275 : 0.00187144
276 : 0.00183057
277 : 0.00179082
278 : 0.00175215
279 : 0.00171453
280 : 0.00167795
281 : 0.00164236
282 : 0.00160775
283 : 0.00157408
284 : 0.00154134
285 : 0.00150949
286 : 0.00147851
287 : 0.00144838
288 : 0.00141908
289 : 0.00139058
290 : 0.00136286
291 : 0.00133589
292 : 0.00130967
293 : 0.00128417
294 : 0.00125936
295 : 0.00123524
296 : 0.00121178
297 : 0.00118896
298 : 0.00116676
299 : 0.00114518
300 : 0.00112419
301 : 0.00110377
302 : 0.00108392
303 : 0.00106461
304 : 0.00104583
305 : 0.00102756
306 : 0.0010098
307 : 0.000992523
308 : 0.000992523
NNETWORK TEST 4: SIMPLE PROBLEM + HMC sampler
Number of samples: 20
Mean error (100 latest samples): 0.123009
Number of samples: 40
Mean error (100 latest samples): 0.102112
Number of samples: 60
Mean error (100 latest samples): 0.0882747
Number of samples: 80
Mean error (100 latest samples): 0.0781477
Number of samples: 100
Mean error (100 latest samples): 0.0702719
Number of samples: 120
Mean error (100 latest samples): 0.0516058
Number of samples: 140
Mean error (100 latest samples): 0.0408573
Number of samples: 160
Mean error (100 latest samples): 0.0336633
Number of samples: 180
Mean error (100 latest samples): 0.0285183
FINAL MEAN ERROR : 0.0886979
SINH NNETWORK TEST -2: GET/SET DEEP ICA PARAMETERS
Parameter layers: 2
Deep ICA network init PASSED.
SINH NNETWORK TEST -1: GET/SET PARAMETER TESTS
First layer W*x + b.
W = [ -0.355216 -0.138413 0.170977 -0.291776;  -0.173272 -0.426263 0.440672 0.0549539;  -0.408924 -0.237284 0.185098 -0.0628142;  0.00671768 -0.402805 -0.0603174 0.201496; ]
b = [ -0.115726 0.133775 0.256908 0.015662 ]
whole nn vector = [ -0.355216 -0.138413 0.170977 -0.291776 -0.173272 -0.426263 0.440672 0.0549539 -0.408924 -0.237284 0.185098 -0.0628142 0.00671768 -0.402805 -0.0603174 0.201496 -0.115726 0.133775 0.256908 0.015662 0.266421 -0.384743 -0.17394 -0.1226 -0.379761 -0.0159628 0.261965 -0.068147 0.208394 0.061889 0.230258 0.353177 0.423476 -0.0987648 -0.438598 -0.249796 -0.0250278 -0.497926 0.305158 0.0660482 -0.23521 -0.00974369 -0.496766 0.271508 0.0874514 -0.0570834 -0.0269968 0.471726 -0.423308 -0.270089 -0.0126124 0.343113 -0.154832 0.313447 -0.279487 -0.0345934 -0.202515 0.482478 0.39726 -0.494122 0.0443667 0.127518 0.359056 -0.0321569 -0.471247 ]
SINH NNETWORK TEST 0: SAVE() AND LOAD() TEST
p1 = [ -0.426099 0.0319756 0.132338 -0.359539 -0.216595 -0.0215654 -0.181008 0.288226 0.264319 0.417883 -0.385036 -0.0482311 0.299145 0.0227714 0.404736 -0.131232 0.314165 0.103927 -0.403342 0.0666488 0.253566 0.135918 -0.0694652 0.293805 0.114486 -0.0481944 -0.0803062 0.115051 0.351838 0.179344 0.435871 0.425739 -0.28868 0.0682085 -0.4338 -0.00527489 -0.453357 -0.114808 -0.217048 0.310962 -0.196924 -0.102084 -0.237269 -0.39778 0.420687 -0.332533 -0.0290122 0.234853 0.271394 0.0676457 -0.198499 0.0249602 -0.296436 0.232036 -0.181235 0.31805 -0.316158 0.238459 -0.0668989 -0.46432 -0.0821972 -0.131028 0.46142 0.129122 0.43718 -0.47238 -0.376152 0.483823 -0.0871874 -0.0932009 0.294785 0.215888 0.304715 -0.442484 0.318108 0.225402 -0.275017 -0.210904 -0.0397455 0.496378 0.356742 0.261756 0.0213378 -0.439694 -0.00620776 0.340103 0.378356 0.177634 0.0785615 -0.188543 0.213314 0.496364 0.180429 0.174734 0.125487 0.117609 0.202354 0.249334 0.101432 -0.384833 -0.343867 -0.103783 0.331055 0.460848 -0.0462672 0.149163 0.18625 0.178716 0.438259 -0.353495 0.175094 0.295001 0.408261 -0.303569 0.355307 -0.0979471 -0.463466 0.233663 -0.420313 0.115096 -0.45488 0.293001 0.11146 0.225548 -0.0322646 -0.263053 -0.156843 -0.32991 0.486281 0.444589 -0.214744 -0.357585 -0.159194 -0.383689 -0.396737 0.294538 0.265474 0.289513 -0.0267456 0.203734 0.436018 -0.351652 -0.00126517 0.344278 -0.155221 -0.145958 -0.253669 -0.118686 -0.412296 -0.173982 0.496409 -0.367176 -0.38098 0.107869 0.358372 0.0867552 0.344816 -0.298471 0.256845 0.331097 -0.353883 -0.457899 0.473512 -0.0130772 -0.341588 -0.423225 -0.218539 0.423887 0.366288 0.254716 0.12762 0.302306 0.403064 -0.373645 0.146584 -0.252157 -0.0196031 0.392915 0.129157 0.0681012 -0.281066 0.125566 0.200925 -0.162046 -0.266564 0.0592968 0.424709 -0.421748 0.260825 0.181553 0.409349 0.406943 0.223654 0.382862 -0.106135 0.382067 0.459637 0.175327 0.305953 0.325925 -0.0699576 ]
p2 = [ -0.426099 0.0319756 0.132338 -0.359539 -0.216595 -0.0215654 -0.181008 0.288226 0.264319 0.417883 -0.385036 -0.0482311 0.299145 0.0227714 0.404736 -0.131232 0.314165 0.103927 -0.403342 0.0666488 0.253566 0.135918 -0.0694652 0.293805 0.114486 -0.0481944 -0.0803062 0.115051 0.351838 0.179344 0.435871 0.425739 -0.28868 0.0682085 -0.4338 -0.00527489 -0.453357 -0.114808 -0.217048 0.310962 -0.196924 -0.102084 -0.237269 -0.39778 0.420687 -0.332533 -0.0290122 0.234853 0.271394 0.0676457 -0.198499 0.0249602 -0.296436 0.232036 -0.181235 0.31805 -0.316158 0.238459 -0.0668989 -0.46432 -0.0821972 -0.131028 0.46142 0.129122 0.43718 -0.47238 -0.376152 0.483823 -0.0871874 -0.0932009 0.294785 0.215888 0.304715 -0.442484 0.318108 0.225402 -0.275017 -0.210904 -0.0397455 0.496378 0.356742 0.261756 0.0213378 -0.439694 -0.00620776 0.340103 0.378356 0.177634 0.0785615 -0.188543 0.213314 0.496364 0.180429 0.174734 0.125487 0.117609 0.202354 0.249334 0.101432 -0.384833 -0.343867 -0.103783 0.331055 0.460848 -0.0462672 0.149163 0.18625 0.178716 0.438259 -0.353495 0.175094 0.295001 0.408261 -0.303569 0.355307 -0.0979471 -0.463466 0.233663 -0.420313 0.115096 -0.45488 0.293001 0.11146 0.225548 -0.0322646 -0.263053 -0.156843 -0.32991 0.486281 0.444589 -0.214744 -0.357585 -0.159194 -0.383689 -0.396737 0.294538 0.265474 0.289513 -0.0267456 0.203734 0.436018 -0.351652 -0.00126517 0.344278 -0.155221 -0.145958 -0.253669 -0.118686 -0.412296 -0.173982 0.496409 -0.367176 -0.38098 0.107869 0.358372 0.0867552 0.344816 -0.298471 0.256845 0.331097 -0.353883 -0.457899 0.473512 -0.0130772 -0.341588 -0.423225 -0.218539 0.423887 0.366288 0.254716 0.12762 0.302306 0.403064 -0.373645 0.146584 -0.252157 -0.0196031 0.392915 0.129157 0.0681012 -0.281066 0.125566 0.200925 -0.162046 -0.266564 0.0592968 0.424709 -0.421748 0.260825 0.181553 0.409349 0.406943 0.223654 0.382862 -0.106135 0.382067 0.459637 0.175327 0.305953 0.325925 -0.0699576 ]
e  = [ 0 0 0 0 0 0 0 0 0 0 0 0 0 0 0 0 0 0 0 0 0 0 0 0 0 0 0 0 0 0 0 0 0 0 0 0 0 0 0 0 0 0 0 0 0 0 0 0 0 0 0 0 0 0 0 0 0 0 0 0 0 0 0 0 0 0 0 0 0 0 0 0 0 0 0 0 0 0 0 0 0 0 0 0 0 0 0 0 0 0 0 0 0 0 0 0 0 0 0 0 0 0 0 0 0 0 0 0 0 0 0 0 0 0 0 0 0 0 0 0 0 0 0 0 0 0 0 0 0 0 0 0 0 0 0 0 0 0 0 0 0 0 0 0 0 0 0 0 0 0 0 0 0 0 0 0 0 0 0 0 0 0 0 0 0 0 0 0 0 0 0 0 0 0 0 0 0 0 0 0 0 0 0 0 0 0 0 0 0 0 0 0 0 0 0 0 0 0 0 0 0 ]
SINH NNETWORK TEST 2: SIMPLE PROBLEM + DIRECT GRADIENT DESCENT
0 : 0.172671
1 : 0.000544149
2 : 0.000544149
SINH NNETWORK TEST 3: SIMPLE PROBLEM + SUM OF DIRECT GRADIENT DESCENT
0 : 2.47268
1 : 2.42211
2 : 2.37282
3 : 2.32478
4 : 2.27795
5 : 2.23228
6 : 2.18772
7 : 2.14426
8 : 2.10184
9 : 2.06043
10 : 2.02001
11 : 1.98053
12 : 1.94197
13 : 1.9043
14 : 1.86748
15 : 1.83151
16 : 1.79634
17 : 1.76195
18 : 1.72832
19 : 1.69544
20 : 1.66326
21 : 1.63178
22 : 1.60097
23 : 1.57083
24 : 1.54131
25 : 1.51241
26 : 1.48412
27 : 1.45641
28 : 1.42927
29 : 1.40268
30 : 1.37663
31 : 1.35111
32 : 1.32609
33 : 1.30157
34 : 1.27754
35 : 1.25398
36 : 1.23088
37 : 1.20823
38 : 1.18602
39 : 1.16423
40 : 1.14287
41 : 1.12191
42 : 1.10134
43 : 1.08117
44 : 1.06137
45 : 1.04194
46 : 1.02288
47 : 1.00417
48 : 0.985801
49 : 0.967776
50 : 0.95008
51 : 0.932707
52 : 0.915651
53 : 0.898905
54 : 0.882461
55 : 0.866315
56 : 0.85046
57 : 0.834888
58 : 0.819597
59 : 0.804578
60 : 0.789827
61 : 0.775339
62 : 0.761107
63 : 0.747128
64 : 0.733396
65 : 0.719907
66 : 0.706655
67 : 0.693637
68 : 0.680847
69 : 0.668281
70 : 0.655937
71 : 0.643809
72 : 0.631893
73 : 0.620185
74 : 0.608681
75 : 0.59738
76 : 0.586275
77 : 0.575364
78 : 0.564643
79 : 0.554109
80 : 0.543759
81 : 0.533589
82 : 0.523597
83 : 0.513779
84 : 0.504131
85 : 0.494653
86 : 0.48534
87 : 0.476189
88 : 0.467198
89 : 0.458364
90 : 0.449685
91 : 0.441157
92 : 0.432779
93 : 0.424547
94 : 0.41646
95 : 0.408515
96 : 0.400709
97 : 0.393041
98 : 0.385508
99 : 0.378107
100 : 0.370837
101 : 0.363696
102 : 0.356681
103 : 0.349789
104 : 0.343021
105 : 0.336373
106 : 0.329843
107 : 0.323429
108 : 0.31713
109 : 0.310943
110 : 0.304867
111 : 0.298899
112 : 0.29304
113 : 0.287285
114 : 0.281634
115 : 0.276085
116 : 0.270636
117 : 0.265287
118 : 0.260034
119 : 0.254877
120 : 0.249813
121 : 0.244842
122 : 0.239962
123 : 0.235171
124 : 0.230469
125 : 0.225852
126 : 0.221321
127 : 0.216873
128 : 0.212508
129 : 0.208224
130 : 0.204018
131 : 0.199892
132 : 0.195842
133 : 0.191868
134 : 0.187968
135 : 0.184142
136 : 0.180387
137 : 0.176703
138 : 0.173089
139 : 0.169543
140 : 0.166064
141 : 0.162652
142 : 0.159304
143 : 0.15602
144 : 0.152799
145 : 0.14964
146 : 0.146541
147 : 0.143502
148 : 0.140521
149 : 0.137598
150 : 0.134732
151 : 0.131921
152 : 0.129164
153 : 0.126462
154 : 0.123812
155 : 0.121214
156 : 0.118667
157 : 0.116169
158 : 0.113721
159 : 0.111322
160 : 0.108969
161 : 0.106663
162 : 0.104403
163 : 0.102188
164 : 0.100017
165 : 0.097889
166 : 0.0958037
167 : 0.0937603
168 : 0.0917577
169 : 0.0897955
170 : 0.0878728
171 : 0.0859889
172 : 0.0841431
173 : 0.0823346
174 : 0.0805629
175 : 0.0788272
176 : 0.0771269
177 : 0.0754614
178 : 0.0738297
179 : 0.0722317
180 : 0.0706663
181 : 0.0691332
182 : 0.0676317
183 : 0.0661611
184 : 0.0647209
185 : 0.0633106
186 : 0.0619294
187 : 0.0605771
188 : 0.0592529
189 : 0.0579562
190 : 0.0566867
191 : 0.0554438
192 : 0.0542268
193 : 0.0530355
194 : 0.0518692
195 : 0.0507274
196 : 0.0496098
197 : 0.0485158
198 : 0.0474449
199 : 0.0463967
200 : 0.0453708
201 : 0.0443667
202 : 0.0433839
203 : 0.0424222
204 : 0.041481
205 : 0.0405599
206 : 0.0396586
207 : 0.0387766
208 : 0.0379136
209 : 0.0370692
210 : 0.0362429
211 : 0.0354345
212 : 0.0346435
213 : 0.0338697
214 : 0.0331127
215 : 0.032372
216 : 0.0316475
217 : 0.0309388
218 : 0.0302454
219 : 0.0295673
220 : 0.0289039
221 : 0.0282551
222 : 0.0276205
223 : 0.0269998
224 : 0.0263927
225 : 0.025799
226 : 0.0252184
227 : 0.0246505
228 : 0.0240952
229 : 0.0235522
230 : 0.0230212
231 : 0.0225019
232 : 0.0219942
233 : 0.0214977
234 : 0.0210123
235 : 0.0205376
236 : 0.0200736
237 : 0.0196199
238 : 0.0191763
239 : 0.0187427
240 : 0.0183187
241 : 0.0179043
242 : 0.0174991
243 : 0.0171031
244 : 0.0167159
245 : 0.0163374
246 : 0.0159675
247 : 0.0156059
248 : 0.0152525
249 : 0.014907
250 : 0.0145694
251 : 0.0142394
252 : 0.0139168
253 : 0.0136016
254 : 0.0132936
255 : 0.0129925
256 : 0.0126983
257 : 0.0124107
258 : 0.0121297
259 : 0.0118552
260 : 0.0115868
261 : 0.0113246
262 : 0.0110684
263 : 0.0108181
264 : 0.0105735
265 : 0.0103345
266 : 0.010101
267 : 0.00987278
268 : 0.00964985
269 : 0.00943204
270 : 0.00921923
271 : 0.00901133
272 : 0.00880821
273 : 0.00860978
274 : 0.00841592
275 : 0.00822654
276 : 0.00804152
277 : 0.00786078
278 : 0.00768423
279 : 0.00751175
280 : 0.00734328
281 : 0.00717872
282 : 0.00701796
283 : 0.00686095
284 : 0.00670757
285 : 0.00655776
286 : 0.00641142
287 : 0.0062685
288 : 0.0061289
289 : 0.00599255
290 : 0.00585939
291 : 0.00572932
292 : 0.00560229
293 : 0.00547823
294 : 0.00535707
295 : 0.00523873
296 : 0.00512318
297 : 0.00501031
298 : 0.00490009
299 : 0.00479246
300 : 0.00468734
301 : 0.00458469
302 : 0.00448445
303 : 0.00438656
304 : 0.00429097
305 : 0.00419763
306 : 0.00410648
307 : 0.00401748
308 : 0.00393056
309 : 0.00384569
310 : 0.00376282
311 : 0.00368191
312 : 0.0036029
313 : 0.00352576
314 : 0.00345044
315 : 0.00337688
316 : 0.00330508
317 : 0.00323496
318 : 0.00316651
319 : 0.00309967
320 : 0.00303441
321 : 0.0029707
322 : 0.00290849
323 : 0.00284776
324 : 0.00278846
325 : 0.00273057
326 : 0.00267406
327 : 0.00261888
328 : 0.00256501
329 : 0.00251242
330 : 0.00246108
331 : 0.00241095
332 : 0.00236202
333 : 0.00231425
334 : 0.00226762
335 : 0.00222209
336 : 0.00217765
337 : 0.00213427
338 : 0.00209191
339 : 0.00205056
340 : 0.00201021
341 : 0.00197081
342 : 0.00193235
343 : 0.0018948
344 : 0.00185816
345 : 0.00182238
346 : 0.00178746
347 : 0.00175338
348 : 0.0017201
349 : 0.00168762
350 : 0.00165591
351 : 0.00162497
352 : 0.00159476
353 : 0.00156527
354 : 0.00153649
355 : 0.00150839
356 : 0.00148097
357 : 0.0014542
358 : 0.00142807
359 : 0.00140257
360 : 0.00137768
361 : 0.00135339
362 : 0.00132967
363 : 0.00130653
364 : 0.00128393
365 : 0.00126188
366 : 0.00124036
367 : 0.00121935
368 : 0.00119885
369 : 0.00117884
370 : 0.0011593
371 : 0.00114024
372 : 0.00112164
373 : 0.00110347
374 : 0.00108575
375 : 0.00106845
376 : 0.00105157
377 : 0.00103509
378 : 0.001019
379 : 0.00100331
380 : 0.000987986
381 : 0.000987986
BAYES NNETWORK TEST 0: SAVE() AND LOAD() TEST
BAYES NNETWORK SAVE/LOAD TEST OK.
HMC SAMPLING TEST (Normal distribution)
sampling.. samples = 0
sampling.. samples = 28622
sampling.. samples = 55920
sampling.. samples = 84105
sampling.. samples = 114555
