-0.121966 -1.08682
0.68429 -1.07519
0.0332695 0.744836
0.0336061 -0.526637
0.462532 0.200699
2.12468 0.371721
1.02096 0.783408
-0.127842 -0.336813
-0.687155 1.30842
-0.935842 -2.67237
-0.77274 -0.521566
-2.01529 0.0503679
-0.894625 -0.0131665
-0.18468 -0.679454
-0.0737384 0.858246
0.376912 -0.749272
1.40231 0.805901
-0.335232 0.672569
1.21152 0.0464805
-0.285115 1.15087
-1.31428 -0.131082
-0.470959 0.0722706
1.67327 -0.0102426
-0.405608 -0.315257
-0.60696 -1.59633
-0.988121 0.797139
1.1047 -1.32557
-0.971749 1.56957
0.158739 -0.161904
1.41817 -1.99364
0.567956 -0.0141473
0.515601 -1.19754
1.11675 0.557332
-1.43572 -0.114027
0.941005 -0.218842
-0.417904 -1.04833
-0.134846 -1.10094
0.746108 -0.0824446
0.0958485 -0.0667439
0.0188441 1.14174
-0.15785 1.32769
1.10216 0.450572
0.132609 0.0590086
0.126917 -1.85244
0.990603 -0.226159
0.930069 0.990905
-0.741903 0.0426356
2.00478 -0.121761
0.775815 -2.85657
1.34531 -0.264432
-0.49468 -0.411974
-0.580189 1.6031
0.915132 0.491166
-1.24121 0.561441
0.552047 -0.137137
-0.925458 -0.988967
-0.704301 0.917751
-0.383384 1.20344
-0.357408 -0.337412
-0.449441 -0.273967
1.19776 0.547406
0.697497 1.32223
-1.65522 0.897074
0.0701917 -1.02792
1.65698 0.718244
0.157694 -0.148101
-1.86658 0.576591
2.47052 0.800382
-1.95263 -1.04049
-2.13356 -1.01066
-0.155241 -0.266058
1.17403 0.905076
2.03893 -0.499965
-1.073 0.324226
0.310326 -2.12505
-0.15434 1.19979
1.57041 -0.395309
1.05627 0.814178
0.246996 0.403819
0.00821708 -0.219523
-1.46997 0.227719
1.44558 0.876115
-0.828201 -1.4206
-0.648699 -0.310809
-0.496046 -0.830237
2.24665 -2.49473
0.254104 -0.266293
-1.80695 0.832446
-0.0107926 -0.490853
0.255869 1.6859
-0.184951 -0.223973
-0.94816 0.289277
-0.495083 -1.57681
0.24477 0.373718
1.98181 -0.576553
0.232541 -1.43776
-0.264061 -1.25658
0.893471 0.498055
-0.754735 0.813921
0.75639 0.816666
-0.119264 0.0467312
0.648174 -1.18206
-1.30538 -0.630046
-0.310841 -0.305204
0.403917 0.145677
-0.14996 0.0376555
-0.10097 0.0501953
-0.745222 0.0328764
-0.721057 0.53379
-0.270716 -0.81318
0.800938 -1.80239
0.798906 1.03265
-0.182112 0.574717
-1.57762 -0.273073
-1.67735 -0.625687
0.144427 -1.49281
0.417924 0.71834
-0.767222 -2.2343
-1.04089 0.547373
-1.63431 1.13593
1.2676 0.0366179
1.1216 -1.4519
-1.51859 0.104885
0.259407 -0.516407
-0.719342 -1.40884
-0.178398 -1.56393
0.082862 -0.423737
0.430305 -2.00757
0.427298 -0.0882389
0.591976 0.191229
0.296617 1.28498
-0.708972 -0.274806
1.19924 1.0546
-0.546401 -1.09195
-0.378369 -0.488403
-0.383067 0.0695641
-0.120966 0.0750807
-0.124187 0.759725
0.35527 1.15789
-1.24412 0.0710525
1.05139 2.4877
0.575471 1.97249
0.787009 1.84668
0.113362 -2.92467
0.0238647 -0.506578
2.1489 1.00239
-0.076231 1.55698
-0.128412 1.92362
-1.01702 0.958265
0.247507 -1.78507
0.523237 -1.42032
0.316951 -0.213984
0.534639 0.18582
0.37317 -0.694931
1.22046 -0.736306
0.792834 -1.8335
1.40552 -0.0376108
-0.216166 -0.2098
-1.20529 -1.89677
-0.508348 0.174853
-1.78378 0.177854
1.27013 0.353728
0.119519 0.658296
-0.167429 0.20536
-0.359927 0.184475
1.75934 -0.837946
0.570407 0.66292
-0.0327991 0.961293
1.50029 -0.979904
-0.0429193 -0.812306
-1.07327 1.41334
-0.0787302 -3.70531
-0.166518 -0.761074
0.331002 -1.32827
-1.80377 1.17254
-1.07801 0.307346
-0.448975 1.14083
2.18669 -0.301838
-0.551673 1.15908
-0.894732 -0.417488
-1.23969 1.11629
0.736724 0.179003
-1.72654 0.12101
0.429306 1.06402
-1.20143 -0.146472
1.08904 0.612966
-0.993965 -1.17103
-0.938547 0.767191
-0.657171 -0.195294
-1.91776 1.63881
-0.940773 -1.36656
-0.978687 2.36899
1.02966 0.271225
0.105537 -1.39658
0.780661 0.509031
1.2266 1.3712
-1.98331 0.391742
-1.70342 -0.439559
0.435995 -2.02586
-1.46257 0.559088
0.46613 -0.421493
1.50773 1.08254
-0.502792 1.94761
-0.477283 0.175088
-0.81713 -0.556841
0.207691 0.876221
0.647941 1.78414
-1.37773 -0.303993
-0.919703 -0.818479
0.561505 -0.0280466
0.669551 -0.669825
0.0837821 0.525126
0.00546047 -1.09271
-1.03941 0.0137797
-1.05664 1.57531
0.969769 0.411818
-0.280976 -0.797132
0.604396 1.63625
-0.304881 -0.315896
0.748814 0.331972
1.28757 -1.02
-0.672981 0.902279
-0.676586 0.504657
-0.356796 1.47533
-0.14384 0.264229
-0.62517 0.639803
0.658692 -0.183488
-1.54861 1.25646
0.581263 -0.603143
-1.17711 1.54792
0.617596 -0.251452
1.14513 -0.368004
0.921724 -1.89675
0.347787 0.377254
-1.94045 -0.831333
0.174357 0.298783
0.540069 1.33221
-0.760973 -0.377137
-0.266475 1.62484
0.753642 -1.08705
-0.390263 -0.513867
-0.584289 0.129871
0.498673 -1.45521
-0.289191 -1.50862
0.023597 0.756922
0.3113 1.02236
1.49112 1.28061
-1.01442 0.161331
0.131154 -1.11537
-0.297845 0.837997
0.524619 -0.255053
1.84786 -0.488628
-2.38891 -0.771447
1.5242 -2.84052
-0.806152 1.68064
-0.638961 -1.57431
0.832508 1.39208
-2.01081 -0.0863565
-0.31354 -1.00366
-1.12655 -0.562219
-1.40829 0.202121
2.44942 0.311994
-0.426561 0.360309
2.61002 0.866686
0.893124 0.463119
1.192 -0.820112
1.21236 -2.12544
1.49951 1.50708
-0.107643 -0.316603
-0.283277 -1.22234
-0.798809 1.36967
-0.160596 -0.811269
0.68369 -1.86714
-0.707411 0.0512514
0.123652 -0.973606
1.18339 0.168465
-0.496406 -0.78047
-0.647019 0.144996
-0.0307732 0.0635045
-1.35136 -0.310188
0.763023 1.14492
-0.92189 0.509905
0.523952 -1.00213
-2.84685 1.50667
-0.119209 -0.882695
0.820385 0.326236
0.14949 -0.95592
0.121871 0.993331
0.73488 -0.0218003
1.59728 0.308353
-0.411764 -1.12792
-0.296876 0.464326
0.498607 0.812097
-0.892868 0.0574894
-0.695551 1.02131
0.716115 1.26439
-0.154305 -1.19091
-0.311196 -1.15514
-1.18965 -1.35915
1.10532 -1.39049
-1.67634 -0.0601845
-0.845177 -0.807186
1.15878 0.162221
0.902916 0.129397
1.3761 -0.700376
0.667707 1.25521
-0.181066 0.37367
0.584977 -0.684607
-0.0929334 -0.348911
0.399974 -1.26597
1.49287 0.266675
0.647533 0.351818
-9.50307e-005 0.20722
0.831905 1.08944
-0.537994 -0.814457
-0.194671 0.794315
0.109283 0.909451
-0.872199 -0.782001
-0.570755 -1.99141
1.01428 0.530975
1.64256 0.278755
-0.524398 1.45481
1.01189 1.26994
-0.952084 -1.07231
-0.0699807 0.36858
0.445739 1.2936
-1.45957 -1.56063
1.79739 0.533799
-1.64571 0.467157
0.400119 -0.439143
0.533665 -1.11063
-0.187997 -0.663405
-1.50452 -0.0357646
0.788709 -0.295399
0.33448 -0.0422113
-1.09746 0.235755
-0.84984 -0.000335605
-0.427056 -1.11405
-0.501511 -0.660574
-0.670633 0.783373
0.882527 2.87512
-1.05279 -1.77641
0.134814 0.816537
1.26143 -0.409601
-0.521476 0.889166
0.243842 -0.560563
-0.498819 -0.439126
0.318554 -0.25919
-0.206262 -0.333685
1.10421 0.0512201
0.170378 0.0338504
0.542036 0.938516
-1.32466 1.64067
-0.718354 -2.5822
-0.587905 0.898509
-2.58697 -0.938867
2.0697 -0.470954
1.90091 0.706576
-1.29903 0.898999
-0.694608 -0.804582
-0.191851 1.7043
-0.136293 0.231246
-0.279408 1.97048
1.26484 0.0241217
1.37983 -0.527791
2.11817 -0.707319
-0.876052 0.930405
0.519605 -0.57719
1.11485 -0.416564
0.508175 -0.381591
-0.501854 1.52062
-1.71161 -1.19481
0.534131 -0.488727
-0.0824949 0.462107
-0.604218 1.60103
0.115237 0.024436
-1.11627 0.754307
-0.853273 0.435652
-0.711469 0.164862
0.654392 -0.83568
0.534448 -0.448398
-0.715021 -0.877412
0.397684 1.0875
1.73623 -0.32582
-0.885301 -0.19401
-1.54433 -0.385167
0.72531 2.14216
-2.07547 -0.381181
-0.450935 0.720477
0.719389 0.394935
0.129556 -1.33206
-0.918377 0.781729
0.6674 -0.54306
-2.21557 -0.188083
-0.503992 -0.890039
1.188 0.330841
0.390986 -1.37439
-0.47313 -0.847914
-0.355441 -0.100428
-0.828221 0.474125
1.809 0.626594
-1.22966 -0.149649
1.95104 1.63737
0.0837223 1.76681
2.52071 -0.746459
-0.878568 1.28042
-1.15576 -0.311168
0.961825 -0.480466
-0.677882 -0.0901025
-1.17652 0.583125
-1.01193 1.43709
0.185589 -0.222941
1.70537 0.296976
1.79787 0.431885
0.967907 1.04169
-1.17734 -0.439391
1.08836 -1.06458
-1.33122 -0.0404227
0.16381 -1.5736
1.26821 -1.16983
1.21093 0.365003
-0.508017 -0.284431
0.646509 0.613448
0.0209286 -0.0796676
-1.1169 -1.17065
0.588912 0.780779
-0.387948 -0.78139
0.925075 0.284037
1.20466 -0.487892
-0.537871 0.182034
-1.71774 0.935586
-0.662543 -0.484174
-0.371387 0.186348
-0.573886 -0.687683
-0.55173 -1.08941
0.550392 0.208116
0.616011 1.16587
-0.569921 -0.748369
-0.0151731 -0.443451
-0.25244 0.302513
0.632941 -0.545915
-1.32383 0.182586
-0.313227 0.559121
1.34588 -1.03247
-1.90333 0.903424
-0.996959 -1.17195
0.516871 0.193501
-0.646773 0.991338
-0.419798 -0.168649
0.0729937 -1.40232
2.22739 0.856846
-0.469712 -0.441635
-0.165097 0.689886
0.55471 -0.559789
0.273553 1.25058
0.803724 1.22859
-1.31575 0.0276231
-0.332248 -1.69887
2.52049 0.411942
-0.795572 1.25519
0.141514 -0.190259
-0.996021 -0.331579
0.620159 1.66215
-0.172838 -0.606205
0.355575 -0.91832
-1.26868 1.3262
-0.9209 -0.0377783
-0.225583 -1.05272
0.459212 -1.59026
-0.392039 -0.354947
-0.836448 0.20891
0.636062 -0.239011
0.381094 1.31797
0.0722427 1.37027
-1.14162 1.55619
0.263661 -1.3512
-1.04928 0.897015
-0.922065 -0.732452
-1.90806 0.0773367
0.544505 0.935784
-0.582923 -0.473769
-0.503165 0.239746
-0.344254 -0.482741
-0.359385 0.9785
0.629633 -0.992355
-0.675286 -0.565401
-0.961702 -0.527889
0.538522 0.176898
-0.30375 1.47534
-0.371727 -0.860563
1.38271 -0.820285
0.482127 0.359831
1.82648 -0.936056
-0.495303 2.28972
-0.759637 0.867448
0.134698 -0.839382
-0.78497 -0.432095
0.95643 0.832877
0.179938 -0.410009
-0.0310473 -0.438486
-1.37231 -0.410642
-0.397065 0.422909
-0.137835 1.33295
-1.62098 -0.982414
0.0232225 0.88533
-3.74916 1.22454
0.493238 -0.274085
-1.89948 0.343049
0.393851 -0.114172
0.938794 1.78951
-2.30641 0.305339
-0.595812 0.050334
0.178119 -0.886583
1.10521 0.495276
-1.07095 0.432904
0.824905 1.18301
0.197712 0.109835
-0.172718 -0.552804
-0.55312 -0.761903
-0.815499 2.71628
0.919649 0.585388
-1.65918 0.861671
-0.602582 0.671686
-0.831723 -0.651835
1.06351 1.78654
-1.41017 -0.348881
-0.134762 0.417514
-0.346531 -0.454552
0.408705 -0.813345
-0.966394 0.882998
-1.53273 1.23262
-0.969239 -0.387551
1.12698 0.0648536
-0.255851 0.776248
0.714366 0.137896
0.356433 -0.99402
0.299148 0.988445
-2.23514 0.468999
-1.8097 0.443326
-1.28618 0.318946
0.271507 1.51943
1.49846 -0.0789001
-0.883433 1.21345
0.699802 -0.583634
-0.703785 -0.637085
-2.22332 0.450349
-0.373519 -1.72997
0.759238 -0.00664025
-1.6867 -0.398302
0.360336 -1.77645
-1.05495 0.347137
-1.54825 1.45605
1.70378 -0.349065
-0.455488 0.105613
-0.620968 -0.498544
-0.0269413 -0.764483
-0.828221 0.423179
-0.168716 0.255063
-0.792701 -0.709149
-1.19116 0.66421
0.418323 0.791443
-0.879762 -0.63945
0.226251 0.822705
0.294548 0.809329
0.0585913 1.13628
-0.206057 -0.0059439
0.198451 -1.23604
-1.11087 0.92031
-1.47214 -0.438312
-0.898433 -0.177305
-1.32071 -2.37132
1.31305 0.674977
1.63974 -1.91724
1.98407 -1.29326
-1.56447 -0.144697
0.413612 0.0127942
1.82421 -0.800039
0.591673 -0.635167
-0.390886 -0.336583
-0.0919791 1.75398
-0.77157 0.310153
-0.296929 1.47555
0.302636 -1.11365
0.348411 1.14151
-0.0576086 -1.4251
-0.749762 1.65056
0.108581 0.781341
3.00048 -1.26349
-1.13225 0.309786
-0.675815 1.5877
1.09971 -0.474547
-1.11475 -1.24338
-1.29267 1.44413
1.24407 1.9805
1.82489 -1.14037
-1.05319 0.812823
0.457691 1.03992
-0.88187 1.22588
0.0895353 0.452643
0.049849 -0.43843
-0.0222282 -1.86361
-0.434464 1.5422
-0.0156985 -0.164268
1.8894 -0.664879
-2.17069 1.21923
-1.88767 -0.0399675
-0.393248 0.861074
0.60441 0.446097
0.280572 -1.52826
-0.00952255 0.778026
1.30015 -0.698986
-0.592556 1.87981
1.72784 0.412944
0.98709 0.692034
0.357368 0.441734
0.389506 -3.17332
-0.369987 0.00898319
0.69544 -0.105164
-0.0310909 1.52736
0.0819077 1.87112
-0.212416 -0.673264
-1.11125 -0.435785
1.52289 -1.52193
-0.209932 -1.38477
1.29963 -0.65868
0.291398 -0.610705
-0.599604 -0.518811
-0.591795 0.725489
-1.62383 0.46816
-0.642705 -0.0769454
0.226821 0.718094
-0.0386967 0.125638
1.37181 0.713024
-0.102626 -1.69367
-0.0267777 -1.15957
1.67315 0.548311
0.739301 0.878371
1.25926 -0.358425
2.51831 0.705124
-0.90045 0.930851
-0.487484 1.57922
-1.14469 0.994984
0.778232 -1.20801
-0.0144361 -0.390072
-0.249294 -0.981857
-2.0796 -0.221884
-0.123627 -0.557781
-1.26922 1.93824
-0.890971 -0.162701
2.62013 -0.91071
-0.204418 -0.715746
-1.15605 0.513767
0.132913 -0.636532
0.0772371 0.0944926
-0.424578 0.351316
-0.68385 -1.02714
0.363233 0.0839515
0.298058 0.441227
-0.420614 -1.40954
-0.141632 -0.929686
0.68383 0.700753
-0.776529 0.112681
0.543189 -1.59762
0.684805 0.230819
0.0597053 1.60501
0.0710135 0.59367
-0.175116 0.816029
1.69312 -0.327164
0.520456 1.25177
1.89315 0.514099
0.575203 1.47256
-0.493229 0.55081
-0.296476 0.611988
-0.400524 -1.99979
0.260783 -0.292625
0.650054 -0.39047
-0.666784 0.724334
0.789843 0.130059
1.08842 0.427588
1.44737 0.340051
2.26143 0.452003
-0.13445 -0.665892
-1.17649 1.38509
2.33515 0.175429
-0.0920421 0.608183
0.0194438 -0.0411291
0.33066 -0.419576
-1.44466 -0.239423
1.38389 -0.199058
-1.59652 -1.11883
0.577384 -0.53725
-1.71002 -0.507629
0.214172 -2.26559
0.97446 -0.464302
-2.28293 0.697751
0.414982 -1.6666
0.698937 -0.583914
-0.252423 1.22404
-0.835305 0.713372
1.02723 0.246241
-0.545397 1.8924
0.275605 -1.27067
-1.39041 -2.43233
-1.8398 -0.829506
0.697645 -0.191796
0.392578 1.68715
-0.272127 0.324175
-0.358942 0.477473
0.092713 0.825924
0.888291 -0.656901
-0.963983 -0.715077
2.367 0.811958
2.37546 -1.50974
-0.290199 1.50238
-1.73918 0.56659
0.0554095 -0.697641
0.186771 1.21484
0.567504 -0.342911
0.360533 1.17039
0.0182228 1.03357
0.923001 -0.757499
-0.483553 -1.06241
-1.0092 0.282256
-1.30535 -0.521767
0.289079 0.255693
-0.271156 0.633522
0.0850113 -0.231576
0.773471 -0.420251
-0.0683097 -0.8512
-0.00206563 0.423694
-0.947914 1.66942
0.430383 -0.534703
-1.5819 0.210877
0.00166605 -0.75534
-0.0665139 -0.585283
0.408263 -1.16604
2.06009 0.282138
1.8359 0.336171
0.643486 -0.241888
0.163724 0.0155019
-0.791617 1.0272
-0.390471 0.477401
0.426884 -0.975695
1.71982 -0.376823
-0.202068 -1.73279
1.6897 1.65527
0.319725 -0.679613
0.600679 0.416086
-0.894607 0.949217
-2.04648 -0.149611
1.07924 -1.90517
-0.359728 1.25276
0.806442 -1.22934
-0.0423716 -0.769629
-0.399551 0.986911
1.66678 -1.5926
0.344768 -0.411794
0.390412 -1.18438
0.328539 0.613275
0.168534 -0.273274
-0.142879 0.528121
-1.62003 -1.8589
-0.0652897 -0.604091
0.266026 -0.383297
0.111038 1.49131
0.989575 1.89324
1.74986 -0.195279
-0.178146 -0.11619
-1.37355 -1.23615
-1.52575 -0.169119
1.11281 -0.762383
0.241384 1.55913
0.422384 -1.55803
0.724895 -1.34195
-1.29906 -0.0884313
0.560063 0.877746
-1.08856 0.244829
0.521586 -0.11561
-1.00657 -1.32893
0.668035 1.08352
-0.829224 0.819145
0.662654 0.0223713
-0.492218 0.119912
0.595864 0.869596
-2.30027 -0.260342
0.672029 -0.436968
0.540462 -0.768477
0.489743 -0.294126
-0.269077 -0.802892
0.506155 0.740108
0.617955 0.150274
-0.523365 -0.298232
-1.7297 0.629386
-0.235157 -1.00068
-0.22113 -1.16303
-0.822378 -0.527741
-0.941481 0.0589912
-0.869195 0.541473
0.740128 0.819673
-1.46994 -1.30858
-1.26765 -0.52344
-0.986581 -0.800002
-0.776625 0.02371
0.726829 0.0793535
0.888272 -0.550656
-1.60851 1.34522
0.719336 -0.806152
0.52998 0.809106
0.218496 0.842006
-0.0303966 -0.375068
0.74301 -0.0032339
0.603759 -0.317411
-1.15483 1.31144
-1.23688 0.183777
-0.657316 1.21039
0.403795 -1.05525
0.0203079 0.569714
0.34466 0.306945
-0.516823 -0.17365
1.70568 -2.30699
-1.73654 0.728878
-1.589 -0.846382
1.6618 -0.662936
0.374132 1.05504
-1.91078 1.36461
-0.101959 0.562489
-0.608151 0.605967
-0.0875036 -1.72664
0.0194618 0.238894
0.0851861 1.67634
0.718836 -0.590558
-1.23394 -0.487768
2.82211 -0.927733
-0.951865 0.420319
1.50024 0.135245
-0.0948766 -0.131179
-0.651389 -0.486481
-0.474509 1.66712
0.771508 -0.227288
0.0119261 0.106861
-0.448488 -1.39424
0.437946 -0.320687
-0.420695 0.361836
0.666477 -0.0209614
-1.6786 -1.32667
-0.279671 -2.47311
-1.2086 0.369428
0.598192 0.669607
-1.61151 -1.30667
0.657055 0.19316
0.150807 -0.235646
-0.933031 0.29606
-1.89272 0.734278
-0.702962 -0.745268
0.598736 1.07051
-0.748088 0.66282
1.5131 -0.0269548
0.867302 -0.143624
1.41543 -0.155384
0.842491 0.849307
-0.0860696 1.89419
-2.80195 0.525227
-0.573455 -0.260601
1.15555 0.40108
0.628025 -1.06456
-0.82961 -0.286373
0.225876 -0.468117
-0.693408 -0.224703
-0.423564 -0.199441
-1.04028 0.744291
1.79573 -1.69991
-1.58596 1.15718
-1.30179 -0.478117
-0.536444 0.298596
-0.343074 1.6772
-0.193956 0.744113
2.35625 1.30646
1.76039 0.275969
-1.66714 2.2408
0.916779 -0.998654
0.83736 -0.984893
0.591634 0.976017
-0.469871 0.160132
-1.40082 -2.3659
-1.11481 -1.53431
0.227346 1.11525
0.841959 -2.21876
-0.152675 -0.524535
-0.365636 0.765924
1.31116 -0.484539
-2.15747 -1.13337
-1.12124 -0.989598
-0.246339 -0.50748
1.27182 0.375462
0.137175 1.12224
0.624149 0.258559
-1.33171 -0.0773984
0.468064 0.68403
0.795431 0.60565
-1.07878 0.16697
-1.5084 0.504175
-0.5068 0.3457
-1.09915 0.733241
1.55562 -0.298835
0.694979 -0.949666
-0.260126 -0.0839371
0.710841 0.849325
0.0993946 -1.43411
-0.980815 0.152585
-0.384323 0.745853
0.596836 -1.13078
0.824468 -0.571401
-0.540536 1.37598
-0.794948 0.300246
1.3198 -0.083829
-0.0357084 0.509075
1.75716 0.61265
-0.167408 -0.9715
0.566386 -0.186004
0.433558 -0.84525
-0.941457 1.13146
0.803067 1.83374
-0.0948255 1.13531
-0.186784 0.967546
0.0198641 -0.611958
-0.683596 0.764796
-0.680014 -1.14238
2.03004 2.79051
-0.658092 0.531398
1.16131 0.432389
0.359563 0.638458
0.195348 1.75626
1.0521 -0.0214302
0.112258 1.86616
0.54887 -0.172502
0.307012 0.282138
1.70167 0.757407
1.79605 0.618651
-0.34762 -0.0170868
-0.385098 -0.359772
-1.51775 -0.54887
0.685705 -0.00824698
1.27027 0.308836
-0.960548 0.102989
1.72039 -0.0662751
2.05622 1.24962
-0.455765 -1.2875
0.332297 0.446787
0.391194 2.20412
-0.699954 1.44403
1.09479 0.145902
-1.19131 0.288103
1.44698 0.767979
0.643657 -0.896305
-0.734413 0.857926
0.897275 -1.58369
0.238122 -0.565588
0.692276 0.368776
0.577805 -0.0700051
-0.905397 -0.673243
0.325835 -0.234415
-1.36988 1.70613
0.162332 -0.290474
-0.541133 0.0890307
0.574015 -2.04875
0.195478 0.386301
0.231936 -0.0646077
1.48398 1.33944
-0.570468 -0.623694
0.383231 -0.501766
-0.749801 -0.783655
-1.30758 0.635213
0.673394 -2.59921
1.07093 0.607743
0.256759 1.04283
-1.58103 -0.931795
-1.23414 -0.030235
-0.0132514 0.579048
0.380456 -0.669399
-0.47539 -0.223409
0.851699 0.0853599
0.867741 -1.39874
-0.925339 1.88547
0.34074 -0.243835
-0.569654 1.32925
0.673374 -1.01745
0.99687 0.936255
1.32337 1.43667
-0.636915 -1.96565
-1.40883 -1.71321
-0.724588 1.10825
-0.0752288 0.801063
-0.134053 0.360314
0.897468 -0.502721
-2.01298 -1.27971
-0.183781 -3.30183
-0.320672 0.45601
-1.17274 -0.463649
0.743186 -1.03976
0.122466 1.45799
